-2 4 -3.999
-1.9 3.61 -3.799
-1.8 3.24 -3.599
-1.7 2.89 -3.399
-1.6 2.56 -3.199
-1.5 2.25 -2.999
-1.4 1.96 -2.799
-1.3 1.69 -2.599
-1.2 1.44 -2.399
-1.1 1.21 -2.199
-1 1 -1.999
-0.9 0.81 -1.799
-0.8 0.64 -1.599
-0.7 0.49 -1.399
-0.6 0.36 -1.199
-0.5 0.25 -0.999
-0.4 0.16 -0.799
-0.3 0.09 -0.599
-0.2 0.04 -0.399
-0.1 0.01 -0.199
0 0 0.001
0.1 0.01 0.201
0.2 0.04 0.401
0.3 0.09 0.601
0.4 0.16 0.801
0.5 0.25 1.001
0.6 0.36 1.201
0.7 0.49 1.401
0.8 0.64 1.601
0.9 0.81 1.801
1 1 2.001
1.1 1.21 2.201
1.2 1.44 2.401
1.3 1.69 2.601
1.4 1.96 2.801
1.5 2.25 3.001
1.6 2.56 3.201
1.7 2.89 3.401
1.8 3.24 3.601
1.9 3.61 3.801
2 4 4.001
2.1 4.41 4.201
2.2 4.84 4.401
2.3 5.29 4.601
2.4 5.76 4.801
2.5 6.25 5.001
2.6 6.76 5.201
2.7 7.29 5.401
2.8 7.84 5.601
2.9 8.41 5.801
3 9 6.001
3.1 9.61 6.201
3.2 10.24 6.401
3.3 10.89 6.601
3.4 11.56 6.801
3.5 12.25 7.001
3.6 12.96 7.201
3.7 13.69 7.401
3.8 14.44 7.601
3.9 15.21 7.801
4 16 8.001
4.1 16.81 8.201
4.2 17.64 8.401
4.3 18.49 8.601
4.4 19.36 8.801
4.5 20.25 9.001
4.6 21.16 9.201
4.7 22.09 9.401
4.8 23.04 9.601
4.9 24.01 9.801
5 25 10.001
5.1 26.01 10.201
5.2 27.04 10.401
5.3 28.09 10.601
5.4 29.16 10.801
5.5 30.25 11.001
5.6 31.36 11.201
5.7 32.49 11.401
5.8 33.64 11.601
5.9 34.81 11.801
6 36 12.001
6.1 37.21 12.201
6.2 38.44 12.401
6.3 39.69 12.601
6.4 40.96 12.801
6.5 42.25 13.001
6.6 43.56 13.201
6.7 44.89 13.401
6.8 46.24 13.601
6.9 47.61 13.801
7 49 14.001
7.1 50.41 14.201
7.2 51.84 14.401
7.3 53.29 14.601
7.4 54.76 14.801
7.5 56.25 15.001
7.6 57.76 15.201
7.7 59.29 15.401
7.8 60.84 15.601
7.9 62.41 15.801
